406784
407296
422912
423424
433408
433920
449536
450048
2340096
2340608
2356224
2356736
2361344
2361856
2377984
2378496
2953216
2953728
2969856
2970368
2996224
2996736
3012864
3013376
3417088
3417600
3433728
3434240
3443712
3444224
3460352
3460864
4237312
4237824
4253952
4254464
4271360
4271872
4287488
4288000
5291264
5291776
5307392
5307904
5322752
5323264
5339392
5339904
6291712
6292224
6307840
6308352
6334720
6335232
6350848
6351360
7143424
7143936
7160064
7160576
7186432
7186944
7203072
7203584
7444480
7444992
7461120
7461632
7484672
7485184
7500800
7501312
8363008
8363520
8379648
8380160
8396800
8397312
8413440
8413952
9317632
9318144
9333760
9334272
9340160
9340672
9356288
9356800
10425600
10426112
10441728
10442240
10468608
10469120
10484736
10485248
11024384
11024896
11041024
11041536
11046912
11047424
11063552
11064064
11869184
11869696
11885824
11886336
11908096
11908608
11924736
11925248
12106752
12107264
12123392
12123904
12138752
12139264
12154880
12155392
13140224
13140736
13156352
13156864
13173760
13174272
13190400
13190912
14037248
14037760
14053376
14053888
14063872
14064384
14080000
14080512
15139072
15139584
15155200
15155712
15182080
15182592
15198208
15198720
15311872
15312384
15328512
15329024
15337728
15338240
15353856
15354368
16221440
16221952
16237568
16238080
16266240
16266752
16282880
16283392
16976128
16976640
16992256
16992768
17015040
17015552
17031168
17031680
17696768
17697280
17713408
17713920
17735680
17736192
17752320
17752832
19048704
19049216
19064832
19065344
19082240
19082752
19098880
19099392
19567872
19568384
19584000
19584512
19599360
19599872
19616000
19616512
20252672
20253184
20269312
20269824
20291584
20292096
20308224
20308736
20715776
20716288
20731904
20732416
20754688
20755200
20770816
20771328
22122752
22123264
22138880
22139392
22166528
22167040
22183168
22183680
22775040
22775552
22791168
22791680
22820864
22821376
22837504
22838016
23376128
23376640
23392256
23392768
23409664
23410176
23426304
23426816
23891200
23891712
23907328
23907840
23922688
23923200
23939328
23939840
